Period,Sender,Receiver,Group,OthersContribution,OthersPercentContribution,Points
1,1,11,6,20,100,0
1,1,14,6,20,100,0
1,1,16,6,9,45,-4
1,2,7,3,10,50,0
1,2,20,3,10,50,0
1,2,24,3,20,100,0
1,3,12,4,5,25,0
1,3,17,4,2,10,-5
1,3,21,4,5,25,0
1,4,15,5,5,25,-4
1,4,22,5,3,15,-4
1,4,23,5,20,100,0
1,5,6,1,5,25,0
1,5,8,1,17,85,0
1,5,13,1,8,40,0
1,6,5,1,7,35,0
1,6,8,1,17,85,0
1,6,13,1,8,40,0
1,7,2,3,4,20,-1
1,7,20,3,10,50,0
1,7,24,3,20,100,0
1,8,5,1,7,35,-1
1,8,6,1,5,25,-2
1,8,13,1,8,40,-1
1,9,10,2,20,100,0
1,9,18,2,20,100,0
1,9,19,2,10,50,-2
1,10,9,2,20,100,0
1,10,18,2,20,100,0
1,10,19,2,10,50,-2
1,11,1,6,20,100,0
1,11,14,6,20,100,0
1,11,16,6,9,45,0
1,12,3,4,15,75,0
1,12,17,4,2,10,0
1,12,21,4,5,25,0
1,13,5,1,7,35,0
1,13,6,1,5,25,0
1,13,8,1,17,85,0
1,14,1,6,20,100,0
1,14,11,6,20,100,0
1,14,16,6,9,45,0
1,15,4,5,20,100,0
1,15,22,5,3,15,0
1,15,23,5,20,100,0
1,16,1,6,20,100,0
1,16,11,6,20,100,0
1,16,14,6,20,100,0
1,17,3,4,15,75,0
1,17,12,4,5,25,0
1,17,21,4,5,25,0
1,18,9,2,20,100,0
1,18,10,2,20,100,0
1,18,19,2,10,50,0
1,19,9,2,20,100,0
1,19,10,2,20,100,0
1,19,18,2,20,100,0
1,20,2,3,4,20,-1
1,20,7,3,10,50,0
1,20,24,3,20,100,0
1,21,3,4,15,75,0
1,21,12,4,5,25,0
1,21,17,4,2,10,0
1,22,4,5,20,100,0
1,22,15,5,5,25,0
1,22,23,5,20,100,0
1,23,4,5,20,100,0
1,23,15,5,5,25,0
1,23,22,5,3,15,0
1,24,2,3,4,20,-3
1,24,7,3,10,50,-1
1,24,20,3,10,50,-1
2,1,7,6,10,50,-2
2,1,10,6,20,100,0
2,1,11,6,20,100,0
2,2,12,3,6,30,0
2,2,16,3,20,100,0
2,2,22,3,4,20,0
2,3,15,2,10,50,0
2,3,19,2,20,100,0
2,3,24,2,20,100,0
2,4,5,4,10,50,-3
2,4,6,4,10,50,-3
2,4,13,4,9,45,-2
2,5,4,4,15,75,0
2,5,6,4,10,50,0
2,5,13,4,9,45,0
2,6,4,4,15,75,0
2,6,5,4,10,50,0
2,6,13,4,9,45,0
2,7,1,6,20,100,0
2,7,10,6,20,100,0
2,7,11,6,20,100,0
2,8,9,5,20,100,0
2,8,14,5,20,100,0
2,8,23,5,0,0,-3
2,9,8,5,13,65,0
2,9,14,5,20,100,0
2,9,23,5,0,0,-3
2,10,1,6,20,100,0
2,10,7,6,10,50,-1
2,10,11,6,20,100,0
2,11,1,6,20,100,0
2,11,7,6,10,50,-2
2,11,10,6,20,100,0
2,12,2,3,7,35,0
2,12,16,3,20,100,0
2,12,22,3,4,20,0
2,13,4,4,15,75,0
2,13,5,4,10,50,0
2,13,6,4,10,50,0
2,14,8,5,13,65,0
2,14,9,5,20,100,0
2,14,23,5,0,0,0
2,15,3,2,10,50,0
2,15,19,2,20,100,0
2,15,24,2,20,100,0
2,16,2,3,7,35,0
2,16,12,3,6,30,0
2,16,22,3,4,20,-1
2,17,18,1,20,100,0
2,17,20,1,12,60,0
2,17,21,1,5,25,0
2,18,17,1,0,0,0
2,18,20,1,12,60,0
2,18,21,1,5,25,0
2,19,3,2,10,50,-2
2,19,15,2,10,50,-2
2,19,24,2,20,100,0
2,20,17,1,0,0,-2
2,20,18,1,20,100,0
2,20,21,1,5,25,0
2,21,17,1,0,0,0
2,21,18,1,20,100,0
2,21,20,1,12,60,0
2,22,2,3,7,35,0
2,22,12,3,6,30,0
2,22,16,3,20,100,0
2,23,8,5,13,65,0
2,23,9,5,20,100,0
2,23,14,5,20,100,0
2,24,3,2,10,50,-2
2,24,15,2,10,50,-2
2,24,19,2,20,100,0
3,1,3,1,20,100,0
3,1,15,1,10,50,-2
3,1,16,1,17,85,0
3,2,12,6,7,35,0
3,2,20,6,14,70,0
3,2,24,6,20,100,0
3,3,1,1,20,100,0
3,3,15,1,10,50,-3
3,3,16,1,17,85,0
3,4,6,5,10,50,0
3,4,11,5,20,100,0
3,4,14,5,20,100,0
3,5,18,4,20,100,0
3,5,19,4,20,100,0
3,5,23,4,13,65,0
3,6,4,5,15,75,0
3,6,11,5,20,100,0
3,6,14,5,20,100,0
3,7,9,3,20,100,0
3,7,13,3,10,50,0
3,7,22,3,3,15,0
3,8,10,2,20,100,0
3,8,17,2,2,10,-2
3,8,21,2,5,25,-1
3,9,7,3,20,100,0
3,9,13,3,10,50,0
3,9,22,3,3,15,-3
3,10,8,2,15,75,0
3,10,17,2,2,10,-2
3,10,21,2,5,25,-1
3,11,4,5,15,75,-5
3,11,6,5,10,50,0
3,11,14,5,20,100,0
3,12,2,6,5,25,0
3,12,20,6,14,70,0
3,12,24,6,20,100,0
3,13,7,3,20,100,0
3,13,9,3,20,100,0
3,13,22,3,3,15,0
3,14,4,5,15,75,0
3,14,6,5,10,50,0
3,14,11,5,20,100,0
3,15,1,1,20,100,0
3,15,3,1,20,100,0
3,15,16,1,17,85,0
3,16,1,1,20,100,0
3,16,3,1,20,100,0
3,16,15,1,10,50,-1
3,17,8,2,15,75,0
3,17,10,2,20,100,0
3,17,21,2,5,25,0
3,18,5,4,12,60,0
3,18,19,4,20,100,0
3,18,23,4,13,65,0
3,19,5,4,12,60,-2
3,19,18,4,20,100,0
3,19,23,4,13,65,-2
3,20,2,6,5,25,-1
3,20,12,6,7,35,0
3,20,24,6,20,100,0
3,21,8,2,15,75,0
3,21,10,2,20,100,0
3,21,17,2,2,10,0
3,22,7,3,20,100,0
3,22,9,3,20,100,0
3,22,13,3,10,50,0
3,23,5,4,12,60,0
3,23,18,4,20,100,0
3,23,19,4,20,100,0
3,24,2,6,5,25,-2
3,24,12,6,7,35,-2
3,24,20,6,14,70,-1
4,1,4,1,15,75,-2
4,1,15,1,20,100,0
4,1,24,1,20,100,0
4,2,3,5,15,75,0
4,2,17,5,3,15,0
4,2,23,5,20,100,0
4,3,2,5,7,35,-1
4,3,17,5,3,15,-4
4,3,23,5,20,100,0
4,4,1,1,20,100,0
4,4,15,1,20,100,0
4,4,24,1,20,100,0
4,5,7,4,10,50,0
4,5,18,4,20,100,0
4,5,20,4,15,75,0
4,6,8,6,15,75,0
4,6,11,6,20,100,0
4,6,16,6,18,90,0
4,7,5,4,20,100,0
4,7,18,4,20,100,0
4,7,20,4,15,75,0
4,8,6,6,15,75,0
4,8,11,6,20,100,0
4,8,16,6,18,90,0
4,9,12,2,13,65,0
4,9,19,2,15,75,0
4,9,22,2,3,15,-3
4,10,13,3,13,65,0
4,10,14,3,20,100,0
4,10,21,3,10,50,-1
4,11,6,6,15,75,-2
4,11,8,6,15,75,-2
4,11,16,6,18,90,-2
4,12,9,2,15,75,0
4,12,19,2,15,75,0
4,12,22,2,3,15,0
4,13,10,3,20,100,0
4,13,14,3,20,100,0
4,13,21,3,10,50,0
4,14,10,3,20,100,0
4,14,13,3,13,65,0
4,14,21,3,10,50,0
4,15,1,1,20,100,0
4,15,4,1,15,75,0
4,15,24,1,20,100,0
4,16,6,6,15,75,0
4,16,8,6,15,75,0
4,16,11,6,20,100,0
4,17,2,5,7,35,0
4,17,3,5,15,75,0
4,17,23,5,20,100,0
4,18,5,4,20,100,0
4,18,7,4,10,50,0
4,18,20,4,15,75,0
4,19,9,2,15,75,0
4,19,12,2,13,65,0
4,19,22,2,3,15,-2
4,20,5,4,20,100,0
4,20,7,4,10,50,-1
4,20,18,4,20,100,0
4,21,10,3,20,100,0
4,21,13,3,13,65,0
4,21,14,3,20,100,0
4,22,9,2,15,75,0
4,22,12,2,13,65,0
4,22,19,2,15,75,0
4,23,2,5,7,35,0
4,23,3,5,15,75,0
4,23,17,5,3,15,0
4,24,1,1,20,100,0
4,24,4,1,15,75,-1
4,24,15,1,20,100,0
5,1,4,3,20,100,0
5,1,20,3,20,100,0
5,1,21,3,15,75,-2
5,2,8,1,16,80,0
5,2,9,1,14,70,0
5,2,15,1,20,100,0
5,3,10,4,20,100,0
5,3,13,4,20,100,0
5,3,22,4,3,15,-3
5,4,1,3,20,100,0
5,4,20,3,20,100,0
5,4,21,3,15,75,-2
5,5,6,6,18,90,0
5,5,17,6,0,0,0
5,5,19,6,15,75,0
5,6,5,6,20,100,0
5,6,17,6,0,0,0
5,6,19,6,15,75,0
5,7,14,2,20,100,0
5,7,23,2,13,65,0
5,7,24,2,20,100,0
5,8,2,1,7,35,-2
5,8,9,1,14,70,0
5,8,15,1,20,100,0
5,9,2,1,7,35,-1
5,9,8,1,16,80,0
5,9,15,1,20,100,0
5,10,3,4,15,75,0
5,10,13,4,20,100,0
5,10,22,4,3,15,-3
5,11,12,5,7,35,-10
5,11,16,5,17,85,0
5,11,18,5,20,100,0
5,12,11,5,20,100,0
5,12,16,5,17,85,0
5,12,18,5,20,100,0
5,13,3,4,15,75,0
5,13,10,4,20,100,0
5,13,22,4,3,15,-1
5,14,7,2,15,75,0
5,14,23,2,13,65,0
5,14,24,2,20,100,0
5,15,2,1,7,35,0
5,15,8,1,16,80,0
5,15,9,1,14,70,0
5,16,11,5,20,100,0
5,16,12,5,7,35,0
5,16,18,5,20,100,0
5,17,5,6,20,100,0
5,17,6,6,18,90,0
5,17,19,6,15,75,0
5,18,11,5,20,100,0
5,18,12,5,7,35,0
5,18,16,5,17,85,0
5,19,5,6,20,100,0
5,19,6,6,18,90,0
5,19,17,6,0,0,-4
5,20,1,3,20,100,0
5,20,4,3,20,100,0
5,20,21,3,15,75,0
5,21,1,3,20,100,0
5,21,4,3,20,100,0
5,21,20,3,20,100,0
5,22,3,4,15,75,0
5,22,10,4,20,100,0
5,22,13,4,20,100,0
5,23,7,2,15,75,0
5,23,14,2,20,100,0
5,23,24,2,20,100,0
5,24,7,2,15,75,-1
5,24,14,2,20,100,0
5,24,23,2,13,65,-2
6,1,13,2,12,60,-3
6,1,15,2,17,85,0
6,1,18,2,20,100,0
6,2,16,4,16,80,0
6,2,20,4,20,100,0
6,2,22,4,2,10,-2
6,3,10,1,17,85,-2
6,3,11,1,20,100,0
6,3,12,1,19,95,0
6,4,6,3,18,90,0
6,4,7,3,17,85,0
6,4,17,3,5,25,-4
6,5,8,5,16,80,0
6,5,19,5,10,50,0
6,5,23,5,20,100,0
6,6,4,3,20,100,0
6,6,7,3,17,85,0
6,6,17,3,5,25,0
6,7,4,3,20,100,0
6,7,6,3,18,90,0
6,7,17,3,5,25,-1
6,8,5,5,0,0,-3
6,8,19,5,10,50,-1
6,8,23,5,20,100,0
6,9,14,6,20,100,0
6,9,21,6,20,100,0
6,9,24,6,20,100,0
6,10,3,1,20,100,0
6,10,11,1,20,100,0
6,10,12,1,19,95,0
6,11,3,1,20,100,0
6,11,10,1,17,85,-3
6,11,12,1,19,95,-1
6,12,3,1,20,100,0
6,12,10,1,17,85,0
6,12,11,1,20,100,0
6,13,1,2,20,100,0
6,13,15,2,17,85,0
6,13,18,2,20,100,0
6,14,9,6,14,70,0
6,14,21,6,20,100,0
6,14,24,6,20,100,0
6,15,1,2,20,100,0
6,15,13,2,12,60,0
6,15,18,2,20,100,0
6,16,2,4,10,50,0
6,16,20,4,20,100,0
6,16,22,4,2,10,0
6,17,4,3,20,100,0
6,17,6,3,18,90,0
6,17,7,3,17,85,0
6,18,1,2,20,100,0
6,18,13,2,12,60,0
6,18,15,2,17,85,0
6,19,5,5,0,0,-4
6,19,8,5,16,80,0
6,19,23,5,20,100,0
6,20,2,4,10,50,0
6,20,16,4,16,80,0
6,20,22,4,2,10,-10
6,21,9,6,14,70,0
6,21,14,6,20,100,0
6,21,24,6,20,100,0
6,22,2,4,10,50,0
6,22,16,4,16,80,0
6,22,20,4,20,100,0
6,23,5,5,0,0,0
6,23,8,5,16,80,0
6,23,19,5,10,50,0
6,24,9,6,14,70,-3
6,24,14,6,20,100,0
6,24,21,6,20,100,0
7,1,10,4,20,100,0
7,1,18,4,20,100,0
7,1,20,4,20,100,0
7,2,3,5,18,90,0
7,2,5,5,0,0,-2
7,2,9,5,13,65,0
7,3,2,5,10,50,0
7,3,5,5,0,0,-3
7,3,9,5,13,65,0
7,4,13,3,17,85,0
7,4,16,3,16,80,0
7,4,21,3,10,50,-3
7,5,2,5,10,50,0
7,5,3,5,18,90,0
7,5,9,5,13,65,0
7,6,8,2,15,75,0
7,6,22,2,3,15,0
7,6,23,2,20,100,0
7,7,14,6,20,100,0
7,7,15,6,20,100,0
7,7,17,6,5,25,-1
7,8,6,2,12,60,0
7,8,22,2,3,15,-2
7,8,23,2,20,100,0
7,9,2,5,10,50,0
7,9,3,5,18,90,0
7,9,5,5,0,0,-2
7,10,1,4,20,100,0
7,10,18,4,20,100,0
7,10,20,4,20,100,0
7,11,12,1,20,100,0
7,11,19,1,10,50,-10
7,11,24,1,20,100,0
7,12,11,1,20,100,0
7,12,19,1,10,50,0
7,12,24,1,20,100,0
7,13,4,3,20,100,0
7,13,16,3,16,80,0
7,13,21,3,10,50,0
7,14,7,6,15,75,0
7,14,15,6,20,100,0
7,14,17,6,5,25,-2
7,15,7,6,15,75,0
7,15,14,6,20,100,0
7,15,17,6,5,25,0
7,16,4,3,20,100,0
7,16,13,3,17,85,0
7,16,21,3,10,50,0
7,17,7,6,15,75,0
7,17,14,6,20,100,0
7,17,15,6,20,100,0
7,18,1,4,20,100,0
7,18,10,4,20,100,0
7,18,20,4,20,100,0
7,19,11,1,20,100,0
7,19,12,1,20,100,0
7,19,24,1,20,100,0
7,20,1,4,20,100,0
7,20,10,4,20,100,0
7,20,18,4,20,100,0
7,21,4,3,20,100,0
7,21,13,3,17,85,0
7,21,16,3,16,80,0
7,22,6,2,12,60,0
7,22,8,2,15,75,0
7,22,23,2,20,100,0
7,23,6,2,12,60,0
7,23,8,2,15,75,0
7,23,22,2,3,15,-2
7,24,11,1,20,100,0
7,24,12,1,20,100,0
7,24,19,1,10,50,-3
8,1,3,1,15,75,-1
8,1,11,1,20,100,0
8,1,13,1,15,75,-1
8,2,6,5,12,60,0
8,2,17,5,10,50,0
8,2,22,5,2,10,-2
8,3,1,1,20,100,0
8,3,11,1,20,100,0
8,3,13,1,15,75,0
8,4,7,6,15,75,-2
8,4,14,6,20,100,0
8,4,15,6,20,100,0
8,5,10,4,20,100,0
8,5,12,4,20,100,0
8,5,19,4,10,50,0
8,6,2,5,7,35,0
8,6,17,5,10,50,0
8,6,22,5,2,10,0
8,7,4,6,20,100,0
8,7,14,6,20,100,0
8,7,15,6,20,100,0
8,8,9,3,14,70,0
8,8,21,3,10,50,-1
8,8,24,3,20,100,0
8,9,8,3,15,75,0
8,9,21,3,10,50,-1
8,9,24,3,20,100,0
8,10,5,4,0,0,-3
8,10,12,4,20,100,0
8,10,19,4,10,50,0
8,11,1,1,20,100,0
8,11,3,1,15,75,-2
8,11,13,1,15,75,-2
8,12,5,4,0,0,0
8,12,10,4,20,100,0
8,12,19,4,10,50,0
8,13,1,1,20,100,0
8,13,3,1,15,75,0
8,13,11,1,20,100,0
8,14,4,6,20,100,0
8,14,7,6,15,75,0
8,14,15,6,20,100,0
8,15,4,6,20,100,0
8,15,7,6,15,75,0
8,15,14,6,20,100,0
8,16,18,2,20,100,0
8,16,20,2,20,100,0
8,16,23,2,20,100,0
8,17,2,5,7,35,0
8,17,6,5,12,60,0
8,17,22,5,2,10,0
8,18,16,2,16,80,0
8,18,20,2,20,100,0
8,18,23,2,20,100,0
8,19,5,4,0,0,-4
8,19,10,4,20,100,0
8,19,12,4,20,100,0
8,20,16,2,16,80,-1
8,20,18,2,20,100,0
8,20,23,2,20,100,0
8,21,8,3,15,75,0
8,21,9,3,14,70,0
8,21,24,3,20,100,0
8,22,2,5,7,35,0
8,22,6,5,12,60,0
8,22,17,5,10,50,0
8,23,16,2,16,80,0
8,23,18,2,20,100,0
8,23,20,2,20,100,0
8,24,8,3,15,75,0
8,24,9,3,14,70,-1
8,24,21,3,10,50,-2
9,1,10,6,20,100,0
9,1,19,6,10,50,-2
9,1,24,6,20,100,0
9,2,15,3,20,100,0
9,2,17,3,5,25,0
9,2,22,3,3,15,-2
9,3,13,4,16,80,0
9,3,14,4,20,100,0
9,3,23,4,20,100,0
9,4,5,1,0,0,-5
9,4,16,1,16,80,0
9,4,21,1,12,60,0
9,5,4,1,20,100,0
9,5,16,1,16,80,0
9,5,21,1,12,60,0
9,6,9,2,13,65,0
9,6,18,2,20,100,0
9,6,20,2,20,100,0
9,7,8,5,15,75,-1
9,7,11,5,19,95,0
9,7,12,5,10,50,-2
9,8,7,5,20,100,0
9,8,11,5,19,95,0
9,8,12,5,10,50,-1
9,9,6,2,10,50,0
9,9,18,2,20,100,0
9,9,20,2,20,100,0
9,10,1,6,20,100,0
9,10,19,6,10,50,-1
9,10,24,6,20,100,0
9,11,7,5,20,100,0
9,11,8,5,15,75,0
9,11,12,5,10,50,0
9,12,7,5,20,100,0
9,12,8,5,15,75,0
9,12,11,5,19,95,0
9,13,3,4,15,75,0
9,13,14,4,20,100,0
9,13,23,4,20,100,0
9,14,3,4,15,75,0
9,14,13,4,16,80,0
9,14,23,4,20,100,0
9,15,2,3,7,35,0
9,15,17,3,5,25,0
9,15,22,3,3,15,0
9,16,4,1,20,100,0
9,16,5,1,0,0,0
9,16,21,1,12,60,0
9,17,2,3,7,35,0
9,17,15,3,20,100,0
9,17,22,3,3,15,0
9,18,6,2,10,50,0
9,18,9,2,13,65,0
9,18,20,2,20,100,0
9,19,1,6,20,100,0
9,19,10,6,20,100,0
9,19,24,6,20,100,0
9,20,6,2,10,50,0
9,20,9,2,13,65,0
9,20,18,2,20,100,0
9,21,4,1,20,100,0
9,21,5,1,0,0,0
9,21,16,1,16,80,0
9,22,2,3,7,35,0
9,22,15,3,20,100,0
9,22,17,3,5,25,0
9,23,3,4,15,75,0
9,23,13,4,16,80,0
9,23,14,4,20,100,0
9,24,1,6,20,100,0
9,24,10,6,20,100,0
9,24,19,6,10,50,-3
10,1,6,3,10,50,0
10,1,18,3,15,75,0
10,1,19,3,10,50,0
10,2,5,1,0,0,0
10,2,8,1,15,75,0
10,2,14,1,20,100,0
10,3,4,2,20,100,0
10,3,13,2,20,100,0
10,3,15,2,20,100,0
10,4,3,2,17,85,-2
10,4,13,2,20,100,0
10,4,15,2,20,100,0
10,5,2,1,5,25,0
10,5,8,1,15,75,0
10,5,14,1,20,100,0
10,6,1,3,20,100,0
10,6,18,3,15,75,0
10,6,19,3,10,50,0
10,7,16,4,0,0,0
10,7,22,4,4,20,0
10,7,23,4,20,100,0
10,8,2,1,5,25,-1
10,8,5,1,0,0,-2
10,8,14,1,20,100,0
10,9,11,5,18,90,0
10,9,12,5,13,65,0
10,9,21,5,10,50,0
10,10,17,6,0,0,-3
10,10,20,6,20,100,0
10,10,24,6,20,100,0
10,11,9,5,11,55,0
10,11,12,5,13,65,0
10,11,21,5,10,50,0
10,12,9,5,11,55,0
10,12,11,5,18,90,0
10,12,21,5,10,50,0
10,13,3,2,17,85,0
10,13,4,2,20,100,0
10,13,15,2,20,100,0
10,14,2,1,5,25,-2
10,14,5,1,0,0,-5
10,14,8,1,15,75,0
10,15,3,2,17,85,0
10,15,4,2,20,100,0
10,15,13,2,20,100,0
10,16,7,4,15,75,0
10,16,22,4,4,20,0
10,16,23,4,20,100,0
10,17,10,6,20,100,0
10,17,20,6,20,100,0
10,17,24,6,20,100,0
10,18,1,3,20,100,0
10,18,6,3,10,50,0
10,18,19,3,10,50,0
10,19,1,3,20,100,0
10,19,6,3,10,50,-1
10,19,18,3,15,75,0
10,20,10,6,20,100,0
10,20,17,6,0,0,0
10,20,24,6,20,100,0
10,21,9,5,11,55,0
10,21,11,5,18,90,0
10,21,12,5,13,65,0
10,22,7,4,15,75,0
10,22,16,4,0,0,0
10,22,23,4,20,100,0
10,23,7,4,15,75,0
10,23,16,4,0,0,-3
10,23,22,4,4,20,0
10,24,10,6,20,100,0
10,24,17,6,0,0,-5
10,24,20,6,20,100,0
11,1,3,6,20,100,0
11,1,8,6,16,80,-1
11,1,16,6,20,100,0
11,2,9,4,13,65,0
11,2,12,4,13,65,0
11,2,19,4,10,50,0
11,3,1,6,20,100,0
11,3,8,6,16,80,-1
11,3,16,6,20,100,0
11,4,6,5,10,50,-3
11,4,11,5,18,90,0
11,4,14,5,20,100,0
11,5,7,3,10,50,0
11,5,21,3,20,100,0
11,5,22,3,6,30,0
11,6,4,5,20,100,0
11,6,11,5,18,90,0
11,6,14,5,20,100,0
11,7,5,3,5,25,-1
11,7,21,3,20,100,0
11,7,22,3,6,30,-1
11,8,1,6,20,100,0
11,8,3,6,20,100,0
11,8,16,6,20,100,0
11,9,2,4,10,50,0
11,9,12,4,13,65,0
11,9,19,4,10,50,0
11,10,15,1,20,100,0
11,10,20,1,20,100,0
11,10,23,1,0,0,-2
11,11,4,5,20,100,0
11,11,6,5,10,50,-2
11,11,14,5,20,100,0
11,12,2,4,10,50,0
11,12,9,4,13,65,0
11,12,19,4,10,50,0
11,13,17,2,0,0,-2
11,13,18,2,15,75,0
11,13,24,2,20,100,0
11,14,4,5,20,100,0
11,14,6,5,10,50,0
11,14,11,5,18,90,0
11,15,10,1,20,100,0
11,15,20,1,20,100,0
11,15,23,1,0,0,0
11,16,1,6,20,100,0
11,16,3,6,20,100,0
11,16,8,6,16,80,0
11,17,13,2,18,90,0
11,17,18,2,15,75,0
11,17,24,2,20,100,0
11,18,13,2,18,90,0
11,18,17,2,0,0,0
11,18,24,2,20,100,0
11,19,2,4,10,50,0
11,19,9,4,13,65,0
11,19,12,4,13,65,0
11,20,10,1,20,100,0
11,20,15,1,20,100,0
11,20,23,1,0,0,0
11,21,5,3,5,25,0
11,21,7,3,10,50,0
11,21,22,3,6,30,0
11,22,5,3,5,25,0
11,22,7,3,10,50,0
11,22,21,3,20,100,0
11,23,10,1,20,100,0
11,23,15,1,20,100,0
11,23,20,1,20,100,0
11,24,13,2,18,90,0
11,24,17,2,0,0,-5
11,24,18,2,15,75,0
12,1,18,3,17,85,0
12,1,20,3,20,100,0
12,1,22,3,8,40,-3
12,2,6,5,10,50,0
12,2,10,5,20,100,0
12,2,21,5,15,75,0
12,3,8,6,20,100,0
12,3,12,6,10,50,-3
12,3,16,6,17,85,0
12,4,14,1,20,100,0
12,4,17,1,5,25,-4
12,4,19,1,10,50,-2
12,5,7,4,15,75,0
12,5,9,4,13,65,0
12,5,15,4,20,100,0
12,6,2,5,10,50,0
12,6,10,5,20,100,0
12,6,21,5,15,75,0
12,7,5,4,10,50,0
12,7,9,4,13,65,0
12,7,15,4,20,100,0
12,8,3,6,19,95,0
12,8,12,6,10,50,-1
12,8,16,6,17,85,0
12,9,5,4,10,50,0
12,9,7,4,15,75,0
12,9,15,4,20,100,0
12,10,2,5,10,50,0
12,10,6,5,10,50,0
12,10,21,5,15,75,0
12,11,13,2,17,85,0
12,11,23,2,0,0,-2
12,11,24,2,20,100,0
12,12,3,6,19,95,0
12,12,8,6,20,100,0
12,12,16,6,17,85,0
12,13,11,2,19,95,0
12,13,23,2,0,0,-3
12,13,24,2,20,100,0
12,14,4,1,20,100,0
12,14,17,1,5,25,-3
12,14,19,1,10,50,-1
12,15,5,4,10,50,0
12,15,7,4,15,75,0
12,15,9,4,13,65,0
12,16,3,6,19,95,0
12,16,8,6,20,100,0
12,16,12,6,10,50,0
12,17,4,1,20,100,0
12,17,14,1,20,100,0
12,17,19,1,10,50,0
12,18,1,3,20,100,0
12,18,20,3,20,100,0
12,18,22,3,8,40,0
12,19,4,1,20,100,0
12,19,14,1,20,100,0
12,19,17,1,5,25,-2
12,20,1,3,20,100,0
12,20,18,3,17,85,0
12,20,22,3,8,40,0
12,21,2,5,10,50,0
12,21,6,5,10,50,0
12,21,10,5,20,100,0
12,22,1,3,20,100,0
12,22,18,3,17,85,0
12,22,20,3,20,100,0
12,23,11,2,19,95,0
12,23,13,2,17,85,0
12,23,24,2,20,100,0
12,24,11,2,19,95,0
12,24,13,2,17,85,0
12,24,23,2,0,0,-4
13,1,4,5,20,100,0
13,1,13,5,15,75,-2
13,1,14,5,20,100,0
13,2,6,4,10,50,0
13,2,8,4,17,85,0
13,2,17,4,3,15,-1
13,3,10,6,20,100,0
13,3,11,6,18,90,0
13,3,21,6,15,75,-1
13,4,1,5,19,95,0
13,4,13,5,15,75,-2
13,4,14,5,20,100,0
13,5,9,3,13,65,0
13,5,12,3,13,65,0
13,5,24,3,20,100,0
13,6,2,4,10,50,0
13,6,8,4,17,85,0
13,6,17,4,3,15,0
13,7,15,1,20,100,0
13,7,16,1,17,85,0
13,7,18,1,20,100,0
13,8,2,4,10,50,0
13,8,6,4,10,50,0
13,8,17,4,3,15,-1
13,9,5,3,10,50,0
13,9,12,3,13,65,0
13,9,24,3,20,100,0
13,10,3,6,19,95,0
13,10,11,6,18,90,0
13,10,21,6,15,75,0
13,11,3,6,19,95,0
13,11,10,6,20,100,0
13,11,21,6,15,75,-1
13,12,5,3,10,50,0
13,12,9,3,13,65,0
13,12,24,3,20,100,0
13,13,1,5,19,95,0
13,13,4,5,20,100,0
13,13,14,5,20,100,0
13,14,1,5,19,95,0
13,14,4,5,20,100,0
13,14,13,5,15,75,0
13,15,7,1,15,75,0
13,15,16,1,17,85,0
13,15,18,1,20,100,0
13,16,7,1,15,75,0
13,16,15,1,20,100,0
13,16,18,1,20,100,0
13,17,2,4,10,50,0
13,17,6,4,10,50,0
13,17,8,4,17,85,0
13,18,7,1,15,75,0
13,18,15,1,20,100,0
13,18,16,1,17,85,0
13,19,20,2,20,100,0
13,19,22,2,10,50,0
13,19,23,2,0,0,-2
13,20,19,2,10,50,0
13,20,22,2,10,50,0
13,20,23,2,0,0,0
13,21,3,6,19,95,0
13,21,10,6,20,100,0
13,21,11,6,18,90,0
13,22,19,2,10,50,0
13,22,20,2,20,100,0
13,22,23,2,0,0,0
13,23,19,2,10,50,0
13,23,20,2,20,100,0
13,23,22,2,10,50,0
13,24,5,3,10,50,-2
13,24,9,3,13,65,0
13,24,12,3,13,65,0
14,1,7,6,15,75,-1
14,1,9,6,13,65,-1
14,1,17,6,0,0,-4
14,2,12,1,12,60,0
14,2,13,1,15,75,0
14,2,22,1,7,35,0
14,3,16,4,17,85,0
14,3,23,4,0,0,-5
14,3,24,4,20,100,0
14,4,6,3,10,50,-3
14,4,10,3,20,100,0
14,4,14,3,17,85,0
14,5,15,2,20,100,0
14,5,18,2,20,100,0
14,5,19,2,10,50,0
14,6,4,3,20,100,0
14,6,10,3,20,100,0
14,6,14,3,17,85,0
14,7,1,6,19,95,0
14,7,9,6,13,65,0
14,7,17,6,0,0,0
14,8,11,5,19,95,0
14,8,20,5,20,100,0
14,8,21,5,15,75,0
14,9,1,6,19,95,0
14,9,7,6,15,75,0
14,9,17,6,0,0,-3
14,10,4,3,20,100,0
14,10,6,3,10,50,-2
14,10,14,3,17,85,0
14,11,8,5,17,85,0
14,11,20,5,20,100,0
14,11,21,5,15,75,-2
14,12,2,1,8,40,0
14,12,13,1,15,75,0
14,12,22,1,7,35,0
14,13,2,1,8,40,-1
14,13,12,1,12,60,0
14,13,22,1,7,35,-1
14,14,4,3,20,100,0
14,14,6,3,10,50,-1
14,14,10,3,20,100,0
14,15,5,2,0,0,0
14,15,18,2,20,100,0
14,15,19,2,10,50,0
14,16,3,4,20,100,0
14,16,23,4,0,0,0
14,16,24,4,20,100,0
14,17,1,6,19,95,0
14,17,7,6,15,75,0
14,17,9,6,13,65,0
14,18,5,2,0,0,0
14,18,15,2,20,100,0
14,18,19,2,10,50,0
14,19,5,2,0,0,-2
14,19,15,2,20,100,0
14,19,18,2,20,100,0
14,20,8,5,17,85,0
14,20,11,5,19,95,0
14,20,21,5,15,75,0
14,21,8,5,17,85,0
14,21,11,5,19,95,0
14,21,20,5,20,100,0
14,22,2,1,8,40,0
14,22,12,1,12,60,0
14,22,13,1,15,75,0
14,23,3,4,20,100,0
14,23,16,4,17,85,0
14,23,24,4,20,100,0
14,24,3,4,20,100,0
14,24,16,4,17,85,0
14,24,23,4,0,0,-5
15,1,2,6,8,40,-3
15,1,3,6,19,95,0
15,1,19,6,10,50,-1
15,2,1,6,15,75,0
15,2,3,6,19,95,0
15,2,19,6,10,50,0
15,3,1,6,15,75,-1
15,3,2,6,8,40,-3
15,3,19,6,10,50,-2
15,4,6,5,10,50,-5
15,4,12,5,9,45,-5
15,4,23,5,0,0,-5
15,5,10,4,20,100,0
15,5,15,4,20,100,0
15,5,16,4,16,80,0
15,6,4,5,20,100,0
15,6,12,5,9,45,0
15,6,23,5,0,0,0
15,7,14,1,17,85,0
15,7,18,1,15,75,0
15,7,22,1,9,45,0
15,8,17,2,0,0,-2
15,8,20,2,20,100,0
15,8,21,2,17,85,0
15,9,11,3,19,95,0
15,9,13,3,0,0,-2
15,9,24,3,20,100,0
15,10,5,4,0,0,-3
15,10,15,4,20,100,0
15,10,16,4,16,80,0
15,11,9,3,13,65,-2
15,11,13,3,0,0,-3
15,11,24,3,20,100,0
15,12,4,5,20,100,0
15,12,6,5,10,50,0
15,12,23,5,0,0,0
15,13,9,3,13,65,0
15,13,11,3,19,95,0
15,13,24,3,20,100,0
15,14,7,1,15,75,0
15,14,18,1,15,75,0
15,14,22,1,9,45,-2
15,15,5,4,0,0,0
15,15,10,4,20,100,0
15,15,16,4,16,80,0
15,16,5,4,0,0,0
15,16,10,4,20,100,0
15,16,15,4,20,100,0
15,17,8,2,17,85,0
15,17,20,2,20,100,0
15,17,21,2,17,85,0
15,18,7,1,15,75,0
15,18,14,1,17,85,0
15,18,22,1,9,45,0
15,19,1,6,15,75,0
15,19,2,6,8,40,-1
15,19,3,6,19,95,0
15,20,8,2,17,85,0
15,20,17,2,0,0,0
15,20,21,2,17,85,0
15,21,8,2,17,85,0
15,21,17,2,0,0,0
15,21,20,2,20,100,0
15,22,7,1,15,75,0
15,22,14,1,17,85,0
15,22,18,1,15,75,0
15,23,4,5,20,100,0
15,23,6,5,10,50,0
15,23,12,5,9,45,0
15,24,9,3,13,65,-1
15,24,11,3,19,95,0
15,24,13,3,0,0,-4
16,1,4,1,20,100,0
16,1,19,1,10,50,0
16,1,24,1,20,100,0
16,2,8,5,17,85,0
16,2,10,5,20,100,0
16,2,11,5,19,95,0
16,3,15,4,20,100,0
16,3,16,4,17,85,-1
16,3,20,4,20,100,0
16,4,1,1,15,75,0
16,4,19,1,10,50,-2
16,4,24,1,20,100,0
16,5,12,3,10,50,0
16,5,17,3,0,0,0
16,5,18,3,15,75,0
16,6,14,2,15,75,0
16,6,22,2,6,30,0
16,6,23,2,0,0,0
16,7,9,6,13,65,0
16,7,13,6,13,65,0
16,7,21,6,15,75,0
16,8,2,5,10,50,-1
16,8,10,5,20,100,0
16,8,11,5,19,95,0
16,9,7,6,10,50,0
16,9,13,6,13,65,0
16,9,21,6,15,75,0
16,10,2,5,10,50,-1
16,10,8,5,17,85,0
16,10,11,5,19,95,0
16,11,2,5,10,50,-2
16,11,8,5,17,85,0
16,11,10,5,20,100,0
16,12,5,3,0,0,0
16,12,17,3,0,0,0
16,12,18,3,15,75,0
16,13,7,6,10,50,0
16,13,9,6,13,65,0
16,13,21,6,15,75,0
16,14,6,2,10,50,-3
16,14,22,2,6,30,-3
16,14,23,2,0,0,-5
16,15,3,4,19,95,0
16,15,16,4,17,85,0
16,15,20,4,20,100,0
16,16,3,4,19,95,0
16,16,15,4,20,100,0
16,16,20,4,20,100,0
16,17,5,3,0,0,0
16,17,12,3,10,50,0
16,17,18,3,15,75,0
16,18,5,3,0,0,0
16,18,12,3,10,50,0
16,18,17,3,0,0,0
16,19,1,1,15,75,0
16,19,4,1,20,100,0
16,19,24,1,20,100,0
16,20,3,4,19,95,0
16,20,15,4,20,100,0
16,20,16,4,17,85,0
16,21,7,6,10,50,0
16,21,9,6,13,65,0
16,21,13,6,13,65,0
16,22,6,2,10,50,0
16,22,14,2,15,75,0
16,22,23,2,0,0,0
16,23,6,2,10,50,0
16,23,14,2,15,75,0
16,23,22,2,6,30,0
16,24,1,1,15,75,0
16,24,4,1,20,100,0
16,24,19,1,10,50,-2
17,1,17,5,0,0,-5
17,1,23,5,0,0,-5
17,1,24,5,20,100,0
17,2,6,1,10,50,0
17,2,7,1,12,60,0
17,2,20,1,20,100,0
17,3,5,6,0,0,-2
17,3,13,6,14,70,-1
17,3,15,6,20,100,0
17,4,14,4,15,75,0
17,4,19,4,10,50,-3
17,4,21,4,10,50,-3
17,5,3,6,19,95,0
17,5,13,6,14,70,0
17,5,15,6,20,100,0
17,6,2,1,14,70,0
17,6,7,1,12,60,0
17,6,20,1,20,100,0
17,7,2,1,14,70,0
17,7,6,1,10,50,0
17,7,20,1,20,100,0
17,8,9,3,10,50,-1
17,8,10,3,20,100,0
17,8,11,3,19,95,0
17,9,8,3,17,85,0
17,9,10,3,20,100,0
17,9,11,3,19,95,0
17,10,8,3,17,85,-1
17,10,9,3,10,50,-2
17,10,11,3,19,95,0
17,11,8,3,17,85,0
17,11,9,3,10,50,-2
17,11,10,3,20,100,0
17,12,16,2,18,90,0
17,12,18,2,15,75,0
17,12,22,2,5,25,0
17,13,3,6,19,95,0
17,13,5,6,0,0,-2
17,13,15,6,20,100,0
17,14,4,4,20,100,0
17,14,19,4,10,50,-3
17,14,21,4,10,50,-3
17,15,3,6,19,95,0
17,15,5,6,0,0,0
17,15,13,6,14,70,0
17,16,12,2,7,35,0
17,16,18,2,15,75,0
17,16,22,2,5,25,0
17,17,1,5,20,100,0
17,17,23,5,0,0,0
17,17,24,5,20,100,0
17,18,12,2,7,35,0
17,18,16,2,18,90,0
17,18,22,2,5,25,0
17,19,4,4,20,100,0
17,19,14,4,15,75,0
17,19,21,4,10,50,-1
17,20,2,1,14,70,0
17,20,6,1,10,50,0
17,20,7,1,12,60,0
17,21,4,4,20,100,0
17,21,14,4,15,75,0
17,21,19,4,10,50,0
17,22,12,2,7,35,0
17,22,16,2,18,90,0
17,22,18,2,15,75,0
17,23,1,5,20,100,0
17,23,17,5,0,0,0
17,23,24,5,20,100,0
17,24,1,5,20,100,0
17,24,17,5,0,0,0
17,24,23,5,0,0,0
18,1,5,3,0,0,-5
18,1,8,3,17,85,0
18,1,19,3,10,50,-2
18,2,3,2,19,95,0
18,2,6,2,10,50,0
18,2,11,2,19,95,0
18,3,2,2,12,60,-1
18,3,6,2,10,50,-2
18,3,11,2,19,95,0
18,4,12,6,6,30,0
18,4,18,6,10,50,0
18,4,22,6,7,35,0
18,5,1,3,20,100,0
18,5,8,3,17,85,0
18,5,19,3,10,50,0
18,6,2,2,12,60,0
18,6,3,2,19,95,0
18,6,11,2,19,95,0
18,7,9,5,10,50,0
18,7,15,5,20,100,0
18,7,20,5,20,100,0
18,8,1,3,20,100,0
18,8,5,3,0,0,-2
18,8,19,3,10,50,0
18,9,7,5,15,75,0
18,9,15,5,20,100,0
18,9,20,5,20,100,0
18,10,14,1,15,75,0
18,10,16,1,16,80,0
18,10,23,1,0,0,-4
18,11,2,2,12,60,-1
18,11,3,2,19,95,0
18,11,6,2,10,50,-2
18,12,4,6,20,100,0
18,12,18,6,10,50,0
18,12,22,6,7,35,0
18,13,17,4,3,15,-1
18,13,21,4,12,60,0
18,13,24,4,0,0,-1
18,14,10,1,20,100,0
18,14,16,1,16,80,0
18,14,23,1,0,0,-5
18,15,7,5,15,75,0
18,15,9,5,10,50,0
18,15,20,5,20,100,0
18,16,10,1,20,100,0
18,16,14,1,15,75,0
18,16,23,1,0,0,0
18,17,13,4,13,65,0
18,17,21,4,12,60,0
18,17,24,4,0,0,0
18,18,4,6,20,100,0
18,18,12,6,6,30,0
18,18,22,6,7,35,0
18,19,1,3,20,100,0
18,19,5,3,0,0,-2
18,19,8,3,17,85,0
18,20,7,5,15,75,0
18,20,9,5,10,50,0
18,20,15,5,20,100,0
18,21,13,4,13,65,0
18,21,17,4,3,15,0
18,21,24,4,0,0,0
18,22,4,6,20,100,0
18,22,12,6,6,30,0
18,22,18,6,10,50,0
18,23,10,1,20,100,0
18,23,14,1,15,75,0
18,23,16,1,16,80,0
18,24,13,4,13,65,0
18,24,17,4,3,15,0
18,24,21,4,12,60,0
19,1,12,6,8,40,0
19,1,16,6,17,85,0
19,1,19,6,10,50,0
19,2,18,2,15,75,0
19,2,20,2,20,100,0
19,2,23,2,0,0,-3
19,3,6,4,15,75,0
19,3,13,4,5,25,-3
19,3,15,4,20,100,0
19,4,7,5,15,75,0
19,4,11,5,18,90,0
19,4,22,5,10,50,-2
19,5,10,3,20,100,0
19,5,17,3,0,0,0
19,5,24,3,0,0,0
19,6,3,4,20,100,0
19,6,13,4,5,25,0
19,6,15,4,20,100,0
19,7,4,5,20,100,0
19,7,11,5,18,90,0
19,7,22,5,10,50,0
19,8,9,1,13,65,0
19,8,14,1,15,75,0
19,8,21,1,5,25,-1
19,9,8,1,17,85,0
19,9,14,1,15,75,0
19,9,21,1,5,25,-1
19,10,5,3,0,0,-3
19,10,17,3,0,0,-2
19,10,24,3,0,0,-3
19,11,4,5,20,100,0
19,11,7,5,15,75,-1
19,11,22,5,10,50,-2
19,12,1,6,0,0,0
19,12,16,6,17,85,0
19,12,19,6,10,50,0
19,13,3,4,20,100,0
19,13,6,4,15,75,0
19,13,15,4,20,100,0
19,14,8,1,17,85,0
19,14,9,1,13,65,-1
19,14,21,1,5,25,-4
19,15,3,4,20,100,0
19,15,6,4,15,75,0
19,15,13,4,5,25,0
19,16,1,6,0,0,0
19,16,12,6,8,40,0
19,16,19,6,10,50,0
19,17,5,3,0,0,0
19,17,10,3,20,100,0
19,17,24,3,0,0,0
19,18,2,2,12,60,0
19,18,20,2,20,100,0
19,18,23,2,0,0,0
19,19,1,6,0,0,-2
19,19,12,6,8,40,0
19,19,16,6,17,85,0
19,20,2,2,12,60,0
19,20,18,2,15,75,0
19,20,23,2,0,0,0
19,21,8,1,17,85,0
19,21,9,1,13,65,0
19,21,14,1,15,75,0
19,22,4,5,20,100,0
19,22,7,5,15,75,0
19,22,11,5,18,90,0
19,23,2,2,12,60,0
19,23,18,2,15,75,0
19,23,20,2,20,100,0
19,24,5,3,0,0,0
19,24,10,3,20,100,0
19,24,17,3,0,0,0
20,1,4,5,20,100,0
20,1,8,5,17,85,0
20,1,23,5,0,0,0
20,2,5,6,0,0,-3
20,2,9,6,11,55,0
20,2,15,6,5,25,-1
20,3,14,4,15,75,0
20,3,17,4,0,0,-5
20,3,19,4,10,50,0
20,4,1,5,0,0,-2
20,4,8,5,17,85,0
20,4,23,5,0,0,-2
20,5,2,6,12,60,0
20,5,9,6,11,55,0
20,5,15,6,5,25,0
20,6,12,3,10,50,0
20,6,16,3,11,55,0
20,6,20,3,20,100,0
20,7,10,2,10,50,0
20,7,21,2,10,50,0
20,7,22,2,8,40,0
20,8,1,5,0,0,-1
20,8,4,5,20,100,0
20,8,23,5,0,0,-1
20,9,2,6,12,60,0
20,9,5,6,0,0,-2
20,9,15,6,5,25,-2
20,10,7,2,15,75,0
20,10,21,2,10,50,0
20,10,22,2,8,40,0
20,11,13,1,0,0,-4
20,11,18,1,10,50,-2
20,11,24,1,0,0,-4
20,12,6,3,15,75,0
20,12,16,3,11,55,0
20,12,20,3,20,100,0
20,13,11,1,18,90,0
20,13,18,1,10,50,0
20,13,24,1,0,0,0
20,14,3,4,20,100,0
20,14,17,4,0,0,-5
20,14,19,4,10,50,-3
20,15,2,6,12,60,0
20,15,5,6,0,0,0
20,15,9,6,11,55,0
20,16,6,3,15,75,0
20,16,12,3,10,50,0
20,16,20,3,20,100,0
20,17,3,4,20,100,0
20,17,14,4,15,75,0
20,17,19,4,10,50,0
20,18,11,1,18,90,0
20,18,13,1,0,0,0
20,18,24,1,0,0,0
20,19,3,4,20,100,0
20,19,14,4,15,75,0
20,19,17,4,0,0,-2
20,20,6,3,15,75,0
20,20,12,3,10,50,0
20,20,16,3,11,55,0
20,21,7,2,15,75,0
20,21,10,2,10,50,0
20,21,22,2,8,40,0
20,22,7,2,15,75,0
20,22,10,2,10,50,0
20,22,21,2,10,50,0
20,23,1,5,0,0,0
20,23,4,5,20,100,0
20,23,8,5,17,85,0
20,24,11,1,18,90,0
20,24,13,1,0,0,0
20,24,18,1,10,50,0
